0 0 0 0 0 0 0 0 0 0 0 0 0 0 0 0 0 0 0
0 0 0 0 0 0 0 0 0 0 0 0 0 0 0 0 0 0 0
0 0 10,0x32DC32 10,0x32DC32 0 0 10,0x32DC32 10,0x32DC32 0 0 0 10,0x32DC32 10,0x32DC32 10,0x32DC32 10,0x32DC32 10,0x32DC32 0 0 0
0 0 10,0x32DC32 10,0x32DC32 0 0 10,0x32DC32 10,0x32DC32 0 0 0 0 0 0 0 10,0x32DC32 10,0x32DC32 0 0
0 0 10,0x32DC32 10,0x32DC32 0 0 10,0x32DC32 10,0x32DC32 0 0 0 0 0 0 0 10,0x32DC32 10,0x32DC32 0 0
0 0 10,0x32DC32 10,0x32DC32 10,0x32DC32 10,0x32DC32 10,0x32DC32 10,0x32DC32 0 0 0 0 10,0x32DC32 10,0x32DC32 10,0x32DC32 10,0x32DC32 0 0 0
0 0 0 10,0x32DC32 10,0x32DC32 10,0x32DC32 10,0x32DC32 10,0x32DC32 0 0 0 10,0x32DC32 10,0x32DC32 0 0 0 0 0 0
0 0 0 0 0 0 10,0x32DC32 10,0x32DC32 0 0 0 10,0x32DC32 10,0x32DC32 0 0 0 0 0 0
0 0 0 0 0 0 10,0x32DC32 10,0x32DC32 0 0 0 10,0x32DC32 10,0x32DC32 10,0x32DC32 10,0x32DC32 10,0x32DC32 10,0x32DC32 0 0
0 0 0 0 0 0 0 0 0 0 0 0 0 0 0 0 0 0 0
0 0 0 0 0 0 0 0 0 0 0 0 0 0 0 0 0 0 0